0.
0.005950000000000011
0.011900000000000022
0.017850000000000033
0.023799999999999988
0.02975
0.03570000000000001
0.04165000000000002
0.04760000000000003
0.053549999999999986
0.0595
0.06545000000000001
0.07140000000000002
0.07735000000000003
0.08329999999999999
0.08925
0.0952
0.10115000000000002
0.10710000000000003
0.11304999999999998
0.119
0.12495
0.13090000000000002
0.13685000000000003
0.14279999999999998
0.14875
0.1547
0.16065000000000002
0.16660000000000003
0.17254999999999998
0.1785
0.18445
0.1904
0.19635000000000002
0.20229999999999998
0.20825
0.2142
0.22015
0.2261
0.23205
0.238
0.24395
0.24989999999999998
0.25585
0.26180000000000003
0.26775
0.2737
0.27964999999999995
0.28559999999999997
0.29155
0.2975
0.30345
0.3094
0.31535
0.32130000000000003
0.32725
0.3332
0.33914999999999995
0.34509999999999996
0.35105
0.357
0.36295
0.3689
0.37485
0.38079999999999997
0.38675
0.3927
0.39865
0.40459999999999996
0.41054999999999997
0.4165
0.42245
0.4284
0.43434999999999996
0.44029999999999997
0.44625
0.4522
0.45815
0.46409999999999996
0.47004999999999997
0.476
0.476
0.476
0.476
0.476
0.476
0.476
0.476
0.476
0.476
0.47749732620320856
0.47963636363636364
0.4817754010695187
0.4839144385026738
0.48605347593582887
0.48819251336898395
0.490331550802139
0.4924705882352941
0.4946096256684492
0.49674866310160426
0.49888770053475934
0.5010267379679144
0.5031657754010695
0.5053048128342246
0.5074438502673797
0.5095828877005347
0.5117219251336899
0.5138609625668449
0.516
0.5152222222222222
0.5144444444444445
0.5136666666666667
0.512888888888889
0.5121111111111111
0.5113333333333333
0.5105555555555555
0.5097777777777778
0.509
0.5082222222222222
0.5074444444444445
0.5066666666666667
0.5058888888888889
0.5051111111111111
0.5043333333333333
0.5035555555555555
0.5027777777777778
0.502
0.5016842105263158
0.5013684210526316
0.5010526315789474
0.5007368421052631
0.500421052631579
0.5001052631578947
0.4997894736842105
0.4994736842105263
0.4991578947368421
0.4988421052631579
0.4985263157894737
0.4982105263157895
0.4978947368421053
0.49757894736842107
0.49726315789473685
0.49694736842105264
0.4966315789473684
0.4963157894736842
0.496
0.4965263157894737
0.49705263157894736
0.49757894736842107
0.4981052631578947
0.4986315789473684
0.4991578947368421
0.4996842105263158
0.5002105263157894
0.5007368421052631
0.5012631578947369
0.5017894736842106
0.5023157894736842
0.5028421052631579
0.5033684210526316
0.5038947368421053
0.504421052631579
0.5049473684210526
0.5054736842105263
0.506
0.5063333333333333
0.5066666666666667
0.507
0.5073333333333333
0.5076666666666667
0.508
0.5083333333333333
0.5086666666666667
0.509
0.5093333333333333
0.5096666666666667
0.51
0.5103333333333333
0.5106666666666667
0.511
0.5113333333333333
0.5116666666666667
0.512
0.511888888888889
0.5117777777777778
0.5116666666666667
0.5115555555555555
0.5114444444444445
0.5113333333333333
0.5112222222222222
0.5111111111111111
0.511
0.510888888888889
0.5107777777777778
0.5106666666666667
0.5105555555555555
0.5104444444444445
0.5103333333333333
0.5102222222222222
0.5101111111111111
0.51
0.5112631578947369
0.5125263157894737
0.5137894736842106
0.5150526315789474
0.5163157894736842
0.517578947368421
0.5188421052631579
0.5201052631578947
0.5213684210526316
0.5226315789473684
0.5238947368421053
0.5251578947368422
0.526421052631579
0.5276842105263159
0.5289473684210526
0.5302105263157895
0.5314736842105263
0.5327368421052632
0.534
0.5354736842105263
0.5369473684210526
0.538421052631579
0.5398947368421053
0.5413684210526316
0.5428421052631579
0.5443157894736842
0.5457894736842106
0.5472631578947369
0.5487368421052632
0.5502105263157895
0.5516842105263159
0.5531578947368422
0.5546315789473685
0.5561052631578948
0.5575789473684211
0.5590526315789475
0.5605263157894738
0.562
0.5611111111111111
0.5602222222222223
0.5593333333333333
0.5584444444444445
0.5575555555555556
0.5566666666666668
0.5557777777777778
0.554888888888889
0.554
0.5531111111111111
0.5522222222222223
0.5513333333333333
0.5504444444444445
0.5495555555555556
0.5486666666666667
0.5477777777777778
0.546888888888889
0.546
0.5465555555555556
0.5471111111111111
0.5476666666666667
0.5482222222222223
0.5487777777777778
0.5493333333333333
0.549888888888889
0.5504444444444445
0.551
0.5515555555555556
0.5521111111111111
0.5526666666666668
0.5532222222222223
0.5537777777777778
0.5543333333333333
0.554888888888889
0.5554444444444445
0.556
0.5543333333333333
0.5526666666666668
0.551
0.5493333333333333
0.5476666666666667
0.546
0.5443333333333333
0.5426666666666667
0.541
0.5393333333333333
0.5376666666666667
0.536
0.5343333333333333
0.5326666666666667
0.531
0.5293333333333333
0.5276666666666667
0.526
0.5291578947368422
0.5323157894736842
0.5354736842105263
0.5386315789473685
0.5417894736842105
0.5449473684210526
0.5481052631578948
0.5512631578947369
0.5544210526315789
0.5575789473684211
0.5607368421052632
0.5638947368421052
0.5670526315789474
0.5702105263157895
0.5733684210526315
0.5765263157894737
0.5796842105263158
0.5828421052631578
0.586
0.5845555555555555
0.5831111111111111
0.5816666666666667
0.5802222222222222
0.5787777777777777
0.5773333333333334
0.5758888888888889
0.5744444444444444
0.573
0.5715555555555556
0.5701111111111111
0.5686666666666667
0.5672222222222223
0.5657777777777778
0.5643333333333334
0.5628888888888889
0.5614444444444445
0.56
0.5583333333333333
0.5566666666666668
0.555
0.5533333333333333
0.5516666666666667
0.55
0.5483333333333333
0.5466666666666667
0.545
0.5433333333333333
0.5416666666666667
0.54
0.5383333333333333
0.5366666666666667
0.535
0.5333333333333333
0.5316666666666667
0.53
0.5313684210526316
0.5327368421052632
0.5341052631578947
0.5354736842105263
0.5368421052631579
0.5382105263157895
0.539578947368421
0.5409473684210526
0.5423157894736842
0.5436842105263159
0.5450526315789475
0.546421052631579
0.5477894736842106
0.5491578947368422
0.5505263157894738
0.5518947368421053
0.5532631578947369
0.5546315789473685
0.556
0.5548421052631579
0.5536842105263159
0.5525263157894738
0.5513684210526316
0.5502105263157895
0.5490526315789475
0.5478947368421053
0.5467368421052632
0.545578947368421
0.544421052631579
0.5432631578947369
0.5421052631578948
0.5409473684210526
0.5397894736842106
0.5386315789473685
0.5374736842105263
0.5363157894736842
0.5351578947368422
0.534
0.5337777777777778
0.5335555555555556
0.5333333333333333
0.5331111111111111
0.532888888888889
0.5326666666666667
0.5324444444444445
0.5322222222222223
0.532
0.5317777777777778
0.5315555555555556
0.5313333333333333
0.5311111111111111
0.530888888888889
0.5306666666666667
0.5304444444444445
0.5302222222222223
0.53
0.530421052631579
0.5308421052631579
0.5312631578947369
0.5316842105263159
0.5321052631578947
0.5325263157894737
0.5329473684210526
0.5333684210526316
0.5337894736842106
0.5342105263157895
0.5346315789473685
0.5350526315789474
0.5354736842105263
0.5358947368421053
0.5363157894736842
0.5367368421052632
0.5371578947368422
0.537578947368421
0.538
0.5367777777777778
0.5355555555555556
0.5343333333333333
0.5331111111111111
0.531888888888889
0.5306666666666667
0.5294444444444445
0.5282222222222223
0.527
0.5257777777777778
0.5245555555555556
0.5233333333333333
0.5221111111111111
0.520888888888889
0.5196666666666667
0.5184444444444445
0.5172222222222222
0.516
0.5163157894736842
0.5166315789473684
0.5169473684210526
0.5172631578947369
0.517578947368421
0.5178947368421053
0.5182105263157895
0.5185263157894737
0.5188421052631579
0.5191578947368422
0.5194736842105263
0.5197894736842106
0.5201052631578947
0.520421052631579
0.5207368421052632
0.5210526315789474
0.5213684210526316
0.5216842105263159
0.522
0.5232222222222223
0.5244444444444445
0.5256666666666667
0.526888888888889
0.5281111111111111
0.5293333333333333
0.5305555555555556
0.5317777777777778
0.533
0.5342222222222223
0.5354444444444445
0.5366666666666667
0.537888888888889
0.5391111111111111
0.5403333333333333
0.5415555555555556
0.5427777777777778
0.544
0.5458888888888889
0.5477777777777778
0.5496666666666667
0.5515555555555556
0.5534444444444444
0.5553333333333333
0.5572222222222223
0.5591111111111111
0.5609999999999999
0.5628888888888889
0.5647777777777778
0.5666666666666667
0.5685555555555555
0.5704444444444444
0.5723333333333334
0.5742222222222222
0.576111111111111
0.578
0.578
0.578
0.578
0.578
0.578