0.
0.0004089979550102249
0.0008179959100204498
0.0012269938650306747
0.0016359918200408996
0.002044989775051125
0.00245398773006135
0.0028629856850715747
0.0032719836400818
0.003680981595092025
0.004433070866141739
0.0064015748031496095
0.00837007874015748
0.010338582677165357
0.012307086614173228
0.014275590551181105
0.016244094488188976
0.01821259842519685
0.020181102362204724
0.022149606299212598
0.024118110236220472
0.026086614173228346
0.02805511811023622
0.03002362204724409
0.03199212598425197
0.03396062992125984
0.03592913385826771
0.037897637795275586
0.039866141732283464
0.041834645669291334
0.043803149606299205
0.05830999999999997
0.07420999999999994
0.09010999999999997
0.10600999999999994
0.12190999999999996
0.13780999999999996
0.15370999999999996
0.16960999999999996
0.18550999999999995
0.20140999999999995
0.21730999999999995
0.23320999999999995
0.24910999999999994
0.26500999999999997
0.28091
0.29680999999999996
0.31270999999999993
0.32860999999999996
0.34451
0.36040999999999995
0.37939423076923073
0.3987211538461538
0.4180480769230769
0.43737499999999996
0.45670192307692303
0.4760288461538461
0.4953557692307692
0.5146826923076923
0.5340096153846153
0.5533365384615384
0.5726634615384615
0.5919903846153846
0.6113173076923076
0.6306442307692307
0.6499711538461538
0.6692980769230769
0.6886249999999999
0.707951923076923
0.7272788461538461
0.7466057692307692
0.7645685279187817
0.770253807106599
0.7759390862944162
0.7816243654822335
0.7873096446700507
0.792994923857868
0.7986802030456853
0.8043654822335026
0.8100507614213198
0.8157360406091371
0.8214213197969543
0.8271065989847716
0.8327918781725888
0.8384771573604061
0.8441624365482234
0.8498477157360407
0.8555329949238579
0.8612182741116752
0.8669035532994924
0.8725888324873097
0.8774509803921569
0.881078431372549
0.8847058823529412
0.8883333333333333
0.8919607843137255
0.8955882352941177
0.8992156862745098
0.902843137254902
0.9064705882352941
0.9100980392156862
0.9137254901960784
0.9173529411764706
0.9209803921568627
0.9246078431372549
0.928235294117647
0.9318627450980392
0.9354901960784313
0.9391176470588235
0.9427450980392157
0.9463725490196078
0.95
0.9513999999999999
0.9528
0.9541999999999999
0.9556
0.957
0.9583999999999999
0.9598
0.9611999999999999
0.9626
0.964
0.9653999999999999
0.9668
0.9682
0.9696
0.971
0.9723999999999999
0.9738
0.9752
0.9766
0.978
0.9789523809523809
0.9799047619047618
0.9808571428571429
0.9818095238095238
0.9827619047619047
0.9837142857142857
0.9846666666666667
0.9856190476190476
0.9865714285714285
0.9875238095238095
0.9884761904761905
0.9894285714285714
0.9903809523809524
0.9913333333333333
0.9922857142857143
0.9932380952380953
0.9941904761904762
0.9951428571428571
0.9960952380952381
0.9970476190476191
0.998
0.9981052631578947
0.9982105263157894
0.9983157894736842
0.998421052631579
0.9985263157894737
0.9986315789473684
0.9987368421052631
0.9988421052631579
0.9989473684210526
0.9990526315789474
0.9991578947368421
0.9992631578947369
0.9993684210526316
0.9994736842105263
0.999578947368421
0.9996842105263158
0.9997894736842106
0.9998947368421053
1.
1.
1.
1.
1.
1.
1.
1.
1.
1.
1.
1.
1.
1.
1.
1.
1.
1.
1.
1.
1.
1.
1.
1.
1.
1.
1.
1.
1.
1.
1.
1.
1.
1.
1.
1.
1.
1.
1.
1.
1.
1.
1.
1.
1.
1.
1.
1.
1.
1.
1.
1.
1.
1.
1.
1.
1.
1.
1.
1.
1.
1.
1.
1.
1.
1.
1.
1.
1.
1.
1.
1.
1.
1.
1.
1.
1.
1.
1.
1.
1.
1.
1.
1.
1.
1.
1.
1.
1.
1.
1.
1.
1.
1.
1.
1.
1.
1.
1.
1.
1.
1.
1.
1.
1.
1.
1.
1.
1.
1.
1.
1.
1.
1.
1.
1.
1.
1.
1.
1.
1.
1.
1.
1.
1.
1.
1.
1.
1.
1.
1.
1.
1.
1.
1.
1.
1.
1.
1.
1.
1.
1.
1.
1.
1.
1.
1.
1.
1.
1.
1.
1.
1.
1.
1.
1.
1.
1.
1.
1.
1.
1.
1.
1.
1.
1.
1.
1.
1.
1.
1.
1.
1.
1.
1.
1.
1.
1.
1.
1.
1.
1.
1.
1.
1.
1.
1.
1.
1.
1.
1.
1.
1.
1.
1.
1.
1.
1.
1.
1.
1.
1.
1.
1.
1.
1.
1.
1.
1.
1.
1.
1.
1.
1.
1.
1.
1.
1.
1.
1.
1.
1.
1.
1.
1.
1.
1.
1.
1.
1.
1.
1.
1.
1.
1.
1.
1.
1.
1.
1.
1.
1.
1.
1.
1.
1.
1.
1.
1.
1.
1.
1.
1.
1.
1.
1.
1.
1.
1.
1.
1.
1.
1.
1.
1.
1.
1.
1.
1.
1.
1.
1.
1.
1.
1.
1.
1.
1.
1.
1.
1.
1.
1.
1.
1.
1.
1.
1.
1.
1.
1.
1.
1.
1.
1.
1.
1.
1.
1.
1.
1.
1.
1.
1.
1.
1.
1.
1.
1.
1.
1.
1.
1.
1.
1.
1.
1.
1.
1.
1.
1.
1.
1.
1.
1.
1.
1.
1.
1.
1.