 5.90274
 4.43443
 3.96261
 6.19362
 5.74986
 8.77426
 4.28676
 5.90235
 5.9274
 3.74019
 6.09636
 0.953918
 5.9276
 6.03563
 5.54664
 7.2868
 5.84342
 3.6426
 5.937
 6.45317
 5.87765
 5.93352
 8.77874
 5.87908
 2.17597
 6.21215
 5.83567
 5.91165
 6.61953
 5.98788
 7.81958
 6.00837
 2.72177
 6.13255
 3.89452
 1.62408
 5.87727
 5.76668
 2.09618
 6.62925
 5.98428
 6.78984
 6.4267
 6.04548
 6.20158
 3.10214
 6.64069
 5.99342
 6.08292
 6.52776
 6.01781
 5.91847
 6.07841
 6.00622
 8.59841
 5.46813
 2.44887
 1.73249
 6.60252
 5.9202
 6.05668
 6.51302
 3.28221
 5.97623
 6.51711
 5.89598
 5.89012
 5.99863
 6.2506
 6.24676
 5.93345
 6.65384
 5.87154
 1.0639
 4.23635
 6.49751
 3.27295
 5.9805
 5.96422
 6.01095
 1.96176
 5.9863
 4.54664
 10.3979
 6.0549
 2.94701
 6.02066
 1.80402
 6.05128
 5.92936
 5.99914
 5.95033
 1.7862
 3.00086
 6.05739
 6.1218
 8.20057
 6.07935
 5.90404
 6.08439
 6.61953
 5.95825
 3.65945
 6.0014
 5.95685
 6.11137
 6.10644
 2.49777
 6.61473
 6.72196
 13.2369
 6.12785
 5.82658
 6.0486
 5.97167
 5.94302
 8.95578
 5.94491
 6.5843
 5.90607
 6.67745
 5.9225
 6.12445
 5.83372
 1.401
 6.03475
 1.3107
 1.28988
 2.62431
 4.06411
 6.03291
 6.06767
 6.04942
 1.57965
 6.01403
 15.0737
 5.86987
 5.93001
 6.08936
 2.83033
 5.94725
 5.99373
 5.88976
 5.84871
 3.60014
 5.99778
 6.03925
 5.86707
 6.59389
 9.44939
 5.92419
 6.64878
 5.03259
 6.01306
 0.981831
 6.79617
 11.9578
 8.52723
 6.02602
 5.98713
 6.50151
 5.19931
 5.98622
 6.00582
 11.183
 6.0129
 5.90523
 5.99928
 6.70427
 5.9669
 0.782066
 6.06477
 0.813819
 6.05273
 5.95918
 6.24371
 6.48116
 5.43815
 4.19033
 5.76214
 5.92034
 6.60144
 5.92226
 6.09671
 7.67506
 5.45165
 5.86639
 6.61692
 5.93809
 13.2259
 2.72304
 6.07194
 4.34237
 5.97999
 6.04998
 8.50771
 6.02971
 5.9097
 6.19095
 2.64808
 1.82248
 6.11162
 2.49347
 5.95199
 6.59839
 5.94079
 4.15582
 6.08741
 3.6706
 5.92675
 5.99471
 6.04546
 1.9322
 0.73516
 11.4021
 5.86046
 4.13409
 6.07234
 6.56469
 5.98497
 6.03968
 1.06809
 6.50426
 5.88627
 6.03114
 6.0982
 6.09122
 5.89314
 5.8417
 5.9009
 8.25379
 6.76839
 5.96307
 5.84318
 6.0032
 5.99101
 5.97879
 10.9164
 5.88369
 5.89102
 6.56166
 5.96802
 0.41556
 5.99544
 12.9698
 2.71822
 1.82109
 2.26785
 6.02962
 5.91899
 6.0576
 6.19217
 5.90058
 5.31372
 6.04124
 5.93417
 1.34045
 6.16412
 6.16358
 6.04902
 6.40316
 0.604027
 6.1981
 7.09469
 9.28428
 5.80839
 5.95299
 5.80719
 5.94284
 6.02073
 5.99609
 6.31173
 5.93681
 6.15086
 10.3137
 5.79352
 16.3808
 3.15451
 10.3205
 1.27744
 5.91374
 5.93672
 3.29665
 4.38681
 6.34198
 2.31611
 6.13272
 5.90086
 5.91231
 6.53094
 5.91072
 0.33084
 6.017
 6.54203
 6.0413
 6.60741
 3.84063
 5.96603
 5.88704
 5.94375
 5.97698
 2.29272
 6.70562
 5.9464
 6.12959
 3.64039
 9.20321
 5.92695
 0.822995
 5.96595
 4.84392
 11.3153
 6.42253
 5.8205
 9.13014
 6.70861
 6.10106
 6.05695
 6.0528
 5.84746
 5.88866
 6.76462
 5.82047
 3.64705
 6.54867
 4.64537
 6.07601
 6.4845
 6.01721
 5.87821
 6.04973
 6.51383
 6.43214
 2.77616
 5.62244
 2.92297
 6.01991
 6.04932
 6.51127
 6.11451
 6.02865
 3.78883
 2.05459
 1.78799
 13.5301
 5.7774
 5.9694
 5.98608
 9.74262
 6.53724
 6.03466
 3.01082
 5.95585
 15.4868
 5.97574
 5.90527
 5.84543
 5.85003
 3.17403
 6.59562
 1.03548
 6.0961
 6.59133
 5.99642
 5.99814
 1.36963
 6.43537
 5.95145
 8.0232
 6.41979
 5.78679
 6.71794
 6.77161
 6.48037
 8.42319
 6.39849
 6.54159
 5.26975
 3.39607
 6.26827
 1.47539
 5.9753
 3.57398
 5.97047
 1.98465
 5.95489
 4.09707
 6.55322
 6.08404
 5.97303
 6.06125
 6.10822
 5.75739
 5.9494
 5.88031
 6.05308
 6.13556
 1.38041
 2.3394
 6.08361
 6.56904
 5.82591
 6.19777
 5.89313
 8.8486
 6.03362
 5.97812
 0.58706
 5.49988
 9.73263
 6.02379
 6.05443
 5.82706
 6.75274
 5.88539
 6.63561
 6.73797
 6.06733
 10.6883
 6.06987
 6.54066
 11.5076
 8.86915
 6.02273
 5.91601
 6.43769
 5.99441
 6.14494
 6.45961
 6.589
 6.08252
 5.87251
 6.70461
 2.92782
 5.15751
 5.92244
 5.91694
 5.95732
 6.02185
 6.59053
 3.50431
 6.01522
 5.96824
 3.95954
 6.00116
 6.04845
 5.62832
 6.22857
 5.85751
 5.93112
 6.50904
 5.93423
 6.06322
 6.05768
 6.52603
 1.713
 3.45636
 2.69512
 6.12395
 5.98432
 13.177
 6.60137
 3.32615
 5.09771
 1.44127
 1.59864
 6.08531
 6.1054
 6.57574
 0.823088
 6.57859
 6.00449
 3.42117
 3.78694
 11.5031
 6.42313
 5.945
 5.85083
 5.9498
 13.1329
 5.97948
 6.5347
 5.8043
 6.48752
 2.689
 6.66513
 1.3772
 6.02842
 8.00107
 5.96935
 5.91145
 5.94534
 14.3669
 5.96576
 4.7193
 6.53228
 6.6856
 5.33249
 5.8574
 6.08168
 5.99292
 6.01115
 6.51799
 5.98232
 6.73107
 6.46307
 1.02656
 5.91466
 3.67202
 6.63333
 2.81846
 6.07935
 6.05294
 6.13569
 6.08767
 5.90224
 6.0269
 6.08527
 2.80047
 6.58463
 6.224
 6.11238
 5.23514
 5.99748
 13.2104
 6.05276
 6.06692
 6.06256
 6.7529
 1.93667
 6.32836
 2.86085
 5.92756
 6.06278
 6.15053
 3.12836
 6.06948
 1.84998
 0.665814
 6.09479
 6.75202
 11.3385
 5.81701
 3.05071
 6.05089
 6.29931
 2.18978
 1.28703
 5.81156
 5.15018
 5.93
 6.01558
 2.15899
 6.69697
 18.4139
 5.84326
 6.0652
 9.91926
 6.613
 2.21621
 5.99022
 6.47506
 1.2128
 3.0799
 6.01547
 5.88383
 6.14043
 6.05766
 6.79034
 1.332
 0.516857
 5.97906
 4.87138
 1.06972
 5.42781
 1.22712
 6.04233
 5.99981
 11.4606
 6.31405
 10.8414
 6.60275
 1.58466
 2.10676
 1.39182
 5.96453
 1.68838
 6.46165
 3.89587
 6.08829
 5.99817
 6.03697
 5.93506
 9.65302
 6.01297
 5.96408
 5.90349
 1.12409
 5.92333
 5.80392
 6.13124
 6.68729
 5.96571
 6.03256
 6.66879
 4.13719
 5.96624
 3.44993
 5.94718
 6.51189
 5.9489
 6.64141
 6.63
 6.61406
 6.00444
 2.75396
 5.8043
 5.82119
 2.0214
 6.00741
 5.03424
 1.04072
 1.92048
 6.03253
 1.70347
 6.65462
 6.08853
 6.1493
 6.45664
 6.65655
 11.5076
 6.00703
 6.08869
 3.56675
 6.60233
 5.92484
 5.97644
 5.96927
 8.04619
 2.34414
 3.71839
 7.12408
 9.48628
 6.7024
 5.88201
 5.76003
 5.84829
 5.90736
 1.82349
 6.10296
 2.06328
 2.69942
 4.25159
 6.0158
 2.58622
 5.81903
 6.16242
 6.13057
 2.15984
 6.05568
 6.5098
 3.8463
 6.56582
 1.71087
 5.78122
 2.24453
 5.96516
 6.04336
 5.02078
 5.98132
 2.61736
 5.83992
 6.08363
 8.6385
 6.11858
 6.72835
 6.43222
 5.999
 5.98192
 6.02566
 6.87741
 5.76967
 8.10366
 5.1784
 4.50962
 2.17726
 5.99603
 6.03867
 6.44759
 6.00397
 6.01044
 6.13727
 6.54251
 6.42711
 0.544213
 3.61488
 5.88747
 5.85771
 6.60445
 1.27524
 5.88873
 6.50313
 5.81024
 5.9442
 6.00604
 6.55966
 6.0182
 11.5643
 6.51808
 5.96619
 6.03014
 5.82813
 6.10176
 4.59437
 5.91226
 5.92305
 8.95486
 6.03858
 6.48875
 2.19444
 2.09511
 5.98508
 6.04991
 2.04124
 6.0056
 5.86294
 3.49081
 5.78125
 4.16072
 1.75997
 5.31529
 2.59284
 6.0479
 5.9698
 6.08593
 5.93796
 2.63035
 5.99973
 6.53588
 3.09123
 4.03648
 5.90418
 5.8695
 0.759218
 5.86296
 5.9472
 6.11829
 3.30724
 5.97691
 6.02778
 2.51987
 17.0711
 6.68566
 6.05656
 5.92641
 1.19753
 7.90187
 5.88673
 6.58592
 6.60215
 6.06844
 1.05361
 5.99746
 6.0437
 1.69123
 2.86726
 7.21555
 5.88655
 5.88723
 1.02304
 6.71501
 5.89684
 6.52471
 5.9647
 6.02368
 5.94494
 1.53803
 0.860579
 2.16237
 5.93832
 1.19464
 2.31742
 6.84168
 5.06661
 5.89105
 5.99108
 4.06342
 5.97282
 5.92434
 5.79929
 1.27957
 12.3652
 6.17605
 6.00808
 5.95601
 4.15151
 5.86684
 5.84212
 6.01638
 6.12186
 1.6963
 5.96564
 5.98066
 6.68958
 5.6544
 4.6999
 5.78287
 5.90139
 0.645143
 5.96816
 4.21502
 5.94285
 7.46741
 5.94952
 2.57557
 5.95029
 5.90816
 6.26912
 4.64157
 0.795281
 6.59713
 3.99684
 6.20344
 4.92136
 3.40159
 3.32756
 4.38835
 6.53866
 5.99947
 2.35039
 2.65684
 0.86419
 6.66036
 11.1243
 6.66939
 5.95751
 0.572453
 6.21557
 6.1239
 1.22238
 6.13468
 3.72534
 5.98809
 1.50015
 2.5367
 0.989198
 1.24265
 6.60544
 5.90334
 7.76029
 0.458062
 6.15098
 6.13222
 6.59805
 6.07687
 9.10881
 6.08209
 1.63176
 5.91534
 6.62277
 6.04032
 6.64802
 5.99269
 6.00416
 3.75002
 4.56597
 5.46134
 3.57157
 6.6028
 3.52742
 5.79362
 5.96144
 1.2792
 6.01624
 5.07169
 4.77403
 5.90253
 4.56121
 2.67257
 5.83823
 6.11215
 6.34755
 6.03232
 2.90618
 6.1759
 2.03444
 5.10802
 6.92034
 6.10167
 5.97512
 5.90679
 6.1011
 4.30153
 6.48098
 5.97971
 6.44745
 0.395142
 5.83917
 6.08234
 6.00147
 1.86291
 6.20707
 5.82345
 2.04999
 6.00656
 6.28304
 5.90264
 0.880387
 6.44583
 6.10178
 1.04359
 3.35632
 9.97576
 6.0262
 6.07738
 6.05202
 5.97834
 6.02768
 6.08812
 6.54669
 2.6242
 3.64692
 4.51227
 6.04504
 6.06463
 5.93166
 6.01424
 6.20221
 2.61512
 6.02647
 6.00178
 5.73936
 5.99565
 6.38248
 5.87111
 6.16387
 6.07496
 6.42749
 6.65146
 3.30789
 5.97985
 6.38338
 1.8341
 6.41901
 6.67825
 5.91856
 5.96536
 5.96711
 5.94657
 5.84292
 6.07332
 2.07915
 5.46188
 1.2818
 6.60386
 5.9914
 5.9361
 6.66493
 6.03378
 3.59377
 6.09503
 6.71686
 6.63168
 6.03352
 6.489
 5.9138
 1.30235
 5.9121
 1.08702
 6.5813
 5.7855
 4.02771
 6.52306
 1.40584
 4.33864
 5.95683
 6.67124
 3.95061
 6.03621
 9.65613
 5.00533
 7.70984
 5.95225
 0.821717
 9.28351
 0.682623
 5.86994
 11.955
 6.06118
 5.97736
 5.91782
 6.04775
 3.07922
 6.56413
 6.36864
 5.9805
 7.25528
 6.03887
 5.85005
 3.7331
 2.56098
 9.83902
 5.95781
 5.9111
 5.97432
 6.08042
 2.1361
 6.04806
 3.37929
 6.64078
 3.78384
 11.279
 8.46375
 7.80828
 6.4975
 2.58665
 6.63077
 1.88376
 6.48154
 6.00264
 6.57134
 7.35042
 4.05786
 0.633467
 6.00604
 6.01668
 6.08086
 3.40063
 5.99686
 6.00778
 5.99668
 3.97706
 5.96557
 5.86598
 3.36714
 6.55052
 5.89036
 6.01188
 6.16013
 6.64541
 6.59849
 6.72249
 5.89119
 5.82193
 6.40169
 0.747977
 2.87454
 6.88973
 10.3717
 5.97942
 1.39861
 6.03682
 0.516075
 5.86342
 6.16226
 1.37159
 5.89305
 6.12602
 1.24822
 5.9118
 5.07999
 0.895633
 3.80742
 4.33315
 5.85962
 6.60962
 5.97174
 6.06349
 5.98186
 7.43468
 5.95794
 11.0779
 5.89128
 2.48229
 6.0008
 5.92911
 5.90428
 6.5356
 16.4916
 1.30132
 1.19015
 0.762357
 5.19169
 6.62806
 6.02352
 6.05342
 6.04274
 6.13208
 6.00255
 6.51691
 5.91406
 6.43438
 12.9539
 6.0181
 3.69004
 5.891
 6.01025
 1.90766
 6.62096
 6.57475
 5.63809
 2.843
 0.552348
 2.00054
 2.75147
 2.05147
 6.65608
 7.97432
 6.08352
 3.81799
 5.80053
 6.0346
 5.97521
 5.8585
 3.22628
 5.79305
 5.98145
 6.06558
 6.05723
 1.11702
 6.09753
 6.22553
 6.72081
 2.1974
 1.38397
 1.32561
 4.81087
 5.87458
 5.93783
 0.622916
 6.14292
 6.16753
 5.99541
 5.18499
 6.12473
 6.72297
 6.6102
 6.48043
 5.95421
 6.02285
 2.61161
 5.98447
 5.96474
 1.04987
 6.07979
 6.49168
 3.76164
 6.40519
 6.70221
 5.98196
 6.085
 6.77505
 0.423836
 2.083
 5.96526
 2.40511
 6.6219
 5.9713
 3.48254
 5.97507
 5.83919
 6.48255
 5.78574
 9.38568
 6.19704
 1.2912
 6.02292
 5.94707
 6.03123
 0.436882
 6.46838
 6.05835
 5.83645
 9.48113
 6.64436
 6.10826
 6.05143
 13.7039
 6.03226
 6.48415
 5.84373
 0.524089
 5.86023
 6.68225
 6.68464
 6.41493
 3.72107
 2.70013
 6.05197
 2.73289
 5.79902
 6.09232
 6.56554
 3.10563
 7.50849
 5.99166
 15.1624
 6.1469
 6.19874
 4.12338
 5.92621
 3.47076
 0.506227
 6.05106
 6.02126
 5.90334
 5.92336
 6.66985
 2.0341
 6.01106
 5.99264
 5.62302
 6.54572
 6.57054
 7.03826
 6.11403
 8.06044
 6.01598
 5.90951
 5.97186
 5.87563
 6.11048
 6.02363
 8.18772
 2.68179
 11.2533
 6.05339
 6.36527
 10.9068
 5.9382
 6.15104
 2.26725
 6.62148
 6.09969
 7.35349
 0.476708
 6.36304
 6.08245
 5.88287
 3.60203
 2.6568
 5.86168
 6.00937
 6.0151
 10.2742
 3.26216
 6.06154
 6.04842
 6.05581
 1.17303
 2.52645
 7.26495
 6.21566
 5.97274
 5.92213
 5.93794
 6.05664
 6.04277
 5.92581
 6.56085
 4.97799
 5.99532
 6.01358
 4.55106
 0.491871
 2.08452
 1.37592
 6.17565
 6.15856
 5.87046
 6.04199
 6.02786
 6.35292
 6.13452
 11.6564
 6.01159
 5.88064
 6.15621
 6.01563
 2.71011
 6.65618
 6.72219
 1.46572
 6.08733
 1.42713
 5.96201
 6.06982
 6.56225
 6.01746
 6.73748
 2.97373
 4.7266
 0.809712
 2.77686
 5.92121
 5.93202
 5.87037
 0.480382
 5.75931
 11.2234
 6.13747
 6.09069
 5.88246
 5.92711
 5.88858
 6.56113
 6.66642
 6.58202
 0.701085
 4.57607
 6.0181
 6.50234
 6.61039
 0.976889
 5.87203
 6.07578
 6.03215
 6.41914
 6.03729
 6.42737
 2.86979
 1.82602
 5.9717
 3.81172
 0.951517
 5.72779
 1.90214
 5.8833
 5.82326
 1.26212
 1.97483
 5.84939
 4.54262
 5.98543
 6.02316
 0.447463
 5.87309
 6.24714
 5.92702
 1.60404
 5.92257
 5.82333
 3.39529
 5.97201
 7.46899
 5.973
 2.68706
 1.70109
 5.90965
 2.43671
 4.36495
 2.54604
 5.80933
 5.86146
 6.07434
 6.56451
 2.89603
 6.44806
 5.771
 6.63811
 6.65746
 5.99459
 6.00952
 5.88334
 5.91744
 6.03889
 6.70105
 1.67872
 6.34933
 6.55494
 5.99112
 6.55942
 2.85879
 5.98221
 6.66007
 6.07852
 6.11718
 6.01621
 6.72747
 6.70043
 5.89644
 6.08528
 6.58343
 6.6639
 2.277
 6.08225
 6.5284
 5.84464
 2.34918
 1.66991
 5.8928
 4.03814
 6.07329
 6.03703
 3.09293
 6.06201
 3.0943
 5.97884
 5.88264
 6.01644
 5.95028
 4.44342
 5.92591
 6.46557
 5.82229
 5.97495
 9.71203
 1.87374
 6.32484
 10.0982
 1.09918
 6.58627
 1.39452
 4.03076
 5.92377
 7.58767
 3.85015
 2.55567
 5.96143
 6.03753
 6.08687
 2.67362
 1.06705
 7.88912
 5.97386
 5.99941
 7.30841
 7.37223
 5.8478
 1.77033
 6.01336
 5.93799
 6.04977
 1.25408
 6.18958
 5.92736
 6.48953
 2.21115
 5.97366
 6.54213
 1.91832
 5.89296
 0.666292
 6.0946
 7.43691
 6.53381
 6.55505
 5.88584
 6.02598
 5.9294
 6.32088
 6.0788
 6.34234
 6.5397
 7.57601
 6.49274
 6.61574
 6.0777
 6.04489
 1.84561
 14.0581
 5.94116
 6.47426
 6.03881
 6.21143
 5.9307
 5.98752
 6.05378
 1.82562
 6.45489
 6.04418
 2.05205
 5.91581
 3.95882
 6.04637
 6.2178
 4.98913
 0.673389
 6.57858
 6.15234
 5.74458
 6.00504
 5.96004
 1.65556
 6.00201
 6.52332
 3.64879
 0.723514
 1.55682
 6.04665
 6.58995
 5.87716
 6.04226
 6.02056
 5.86281
 3.08715
 6.06167
 5.93243
 4.508
 1.99198
 6.64145
 6.08605
 6.24525
 5.79714
 6.00724
 5.90382
 5.82762
 6.50228
 9.69134
 3.42403
 2.69266
 6.08967
 6.89601
 5.99547
 6.6019
 2.67059
 2.04353
 2.13206
 5.91504
 6.15674
 6.04281
 6.08245
 8.15567
 2.01774
 6.02183
 6.03899
 6.07714
 6.62933
 3.39125
 6.59042
 1.75815
 5.96158
 5.97
 5.9163
 6.00787
 5.91195
 6.16944
 5.93882
 6.32684
 3.2565
 0.514546
 0.563725
 3.2176
 2.5491
 5.92735
 5.9146
 4.73894
 6.02845
 6.06641
 0.601226
 5.86458
 1.56539
 6.55861
 6.49779
 5.95595
 6.11467
 6.02315
 2.59633
 1.33889
 6.06731
 6.08413
 5.97297
 5.91502
 1.30246
 6.44785
 6.03631
 0.58442
 4.33536
 5.7314
 6.14685
 6.0132
 5.87959
 1.15146
 4.63487
 4.53192
 6.12228
 5.02561
 6.09411
 11.4651
 4.7275
 6.11468
 6.00584
 6.2157
 7.47945
 6.52377
 2.22349
 6.44857
 2.2475
 5.72392
 9.16171
 6.02826
 5.99998
 5.82083
 5.98702
 0.881948
 6.72266
 6.59361
 2.2928
 6.5589
 5.94904
 5.76296
 2.68089
 5.69774
 1.63909
 6.02939
 0.761082
 2.82916
 2.56054
 5.98808
 5.37381
 2.68256
 5.671
 7.01181
 5.08789
 6.68071
 6.07465
 6.69501
 5.85642
 5.90192
 7.43125
 1.35914
 6.10819
 5.87556
 2.5121
 6.51669
 6.06799
 6.53212
 1.6256
 2.06256
 5.92766
 6.56551
 5.95366
 5.94036
 1.60367
 5.91679
 5.86387
 6.62757
 7.50978
 1.38868
 5.95064
 11.9347
 6.66784
 5.72045
 6.036
 6.58371
 6.85227
 5.84859
 5.19186
 5.89178
 5.33457
 12.9641
 5.84952
 6.95509
 5.2183
 10.6286
 1.88337
 6.13343
 5.94485
 6.12901
 6.70188
 1.43061
 3.9614
 5.95419
 1.93947
 6.64897
 6.79295
 5.97158
 2.15231
 6.57589
 6.18792
 10.4375
 3.25526
 5.17795
 5.57059
 7.16262
 5.94874
 6.06383
 5.97891
 6.45406
 5.89227
 5.96235
 5.99808
 6.06487
 6.15294
 6.71471
 1.58231
 5.29043
 4.5702
 6.04701
 5.93574
 5.93543
 6.03608
 1.09792
 11.468
 2.50871
 5.9617
 1.01929
 6.54664
 0.544522
 6.01772
 6.05399
 6.00698
 7.28353
 6.54006
 9.69451
 5.78225
 5.94519
 0.372363
 4.70405
 1.26011
 5.81176
 5.88225
 1.96895
 8.27931
 5.99579
 5.84917
 1.22177
 6.76221
 2.63236
 2.01072
 5.91236
 0.524145
 5.96917
 5.9894
 5.95081
 6.63624
 5.69805
 5.94051
 6.00339
 3.34883
 6.59703
 6.18057
 5.90481
 6.75792
 6.03311
 1.1488
 1.46789
 2.35575
 13.8065
 6.0363
 1.92435
 6.00633
 6.56311
 6.02271
 5.91316
 5.98487
 6.58388
 6.38158
 6.05451
 1.60747
 6.10755
 9.5767
 5.98132
 6.72944
 5.79614
 6.38193
 5.90438
 5.76281
 5.90257
 6.03259
 1.56579
 9.10604
 9.65562
 4.04491
 6.00971
 2.31477
 6.69891
 5.90999
 5.9452
 6.4523
 5.94664
 2.73639
 6.58972
 2.55286
 5.99575
 6.08309
 4.11948
 6.0756
 3.3936
 6.03168
 5.83325
 7.93971
 5.84772
 22.5826
 5.99194
 6.55562
 0.878848
 6.74652
 4.68012
 3.83083
 2.56462
 16.1443
 2.91809
 5.04714
 5.9855
 6.00198
 5.96506
 3.95132
 6.52842
 2.2614
 1.21525
 5.84238
 8.29973
 5.65997
 0.489021
 5.91508
 6.08603
 5.98045
 5.89098
 6.16563
 5.89334
 5.93655
 5.83144
 0.637022
 6.09412
 3.27231
 9.3113
 6.62099
 6.07516
 5.22469
 1.58684
 2.10881
 5.98514
 5.88223
 2.77576
 5.92755
 5.9348
 6.70436
 5.79669
 6.02779
 5.93211
 2.42945
 6.02813
 5.83001
 6.05745
 0.416485
 5.92574
 2.07581
 2.79916
 6.28057
 6.89537
 5.80459
 1.71293
 6.15108
 6.05891
 6.49366
 6.10178
 2.03522
 1.39509
 6.14009
 6.71606
 1.40357
 6.02345
 6.0625
 6.4848
 5.87801
 5.99129
 6.00508
 1.0396
 6.16904
 1.2853
 6.60552
 2.67566
 3.45473
 6.6471
 4.83247
 5.96707
 5.84605
 4.52826
 6.1275
 5.2656
 1.00796
 3.06482
 5.78688
 2.68717
 6.46965
 2.92417
 6.69583
 5.97432
 6.06116
 6.17302
 5.41959
 5.76842
 5.94001
 0.848279
 1.81394
 4.84691
 6.01842
 5.97596
 0.391331
 0.431052
 5.95416
 5.88393
 2.78198
 6.67653
 5.71518
 5.84509
 10.7242
 6.64469
 5.94183
 3.20438
 5.98508
 6.69365
 6.73199
 5.93321
 1.07187
 4.19659
 6.37738
 6.07232
 5.90019
 6.03798
 3.2745
 6.56656
 5.96305
 5.95835
 5.98825
 1.02079
 2.05596
 6.51946
 5.95555
 6.09685
 6.52935
 9.13245
 6.01084
 5.98761
 2.88174
 5.95741
 2.37352
 6.63244
 2.47277
 6.74598
 6.69201
 1.89555
 3.167
 5.84266
 3.68796
 6.00942
 6.66316
 6.02683
 11.0152
 5.9073
 6.50764
 6.0327
 6.1084
 6.39117
 2.18872
 6.07023
 0.648686
 6.61305