0.
0.
0.0010210804221857384
0.0010210804221857384
0.0010210804221857384
0.0010210804221857384
0.0010210804221857384
0.0010210804221857384
0.0009912957721072146
0.0038387816489318105
0.004266108642416944
0.007476232039750119
0.027955247347092982
0.05008870068412086
0.07560340678021027
0.09418665668844572
0.1134895525957037
0.17385417382532753
0.23591049226356808
0.3013366917129878
0.36779578815716163
0.4288996596740079
0.4885616231865054
0.5368008424533997
0.5649741429625103
0.6314761750041119
0.6938721802849126
0.754077437877543
0.7782256187123617
0.8196295917268313
0.8360853351113222
0.8819318403660659
0.9064386282540298
0.9402858097062805
0.9436852929285828
0.953873196111863
0.9699108566918715
0.9642154110833479
0.9734575880026596
0.9830290094080457
0.9894194715526338
0.9982249724077413
0.9998449264314471
1.0022897497920449
1.0023195344421232
1.0023493190922015
1.0024088883923583
1.0024386730424366
1.0024982423425932
1.0025280269926717
1.00255781164275
1.0026173809429066
1.0026471655929852
1.0027067348931418
1.00273651954322
1.0027663041932984
1.0028258734934552
1.0028556581435335
1.0029152274436903
1.0029450120937686
1.002974796743847
1.0030343660440035
1.003064150694082
1.0031237199942387
1.003153504644317
1.0031832892943953
1.003242858594552
1.0032726432446304
1.003332212544787
1.0033619971948655
1.0033917818449438
1.0034513511451004
1.003481135795179
1.0035407050953356
1.0035704897454139
1.0036002743954922
1.003659843695649
1.0036896283457273
1.003749197645884
1.0037789822959624
1.0038087669460407
1.0038683362461973
1.0038981208962758
1.0039576901964324
1.0039874748465107
1.004017259496589
1.0040768287967459
1.0041066134468242
1.0041661827469808
1.0041959673970593
1.0042257520471376
1.0042853213472942
1.0043151059973727
1.0043746752975293
1.0044044599476076
1.004434244597686
1.0044938138978428
1.004523598547921
1.0045831678480779
1.0046129524981562
1.0046427371482345
1.004702306448391
1.0047320910984696
1.0047916603986262
1.0048214450487045
1.0048512296987828
1.
1.
1.
1.
1.
1.
1.
1.
1.
1.
1.
1.
1.
1.
1.
1.
1.
1.
1.
1.
1.
1.
1.
1.
1.
1.
1.
1.
1.
1.
1.
1.
1.
1.
1.
1.
1.
1.
1.
1.
1.
1.
1.
1.
1.
1.
1.
1.
1.
1.
1.
1.
1.
1.
1.
1.
1.
1.
1.
1.
1.
1.
1.
1.
1.
1.
1.
1.
1.
1.
1.
1.
1.
1.
1.
1.
1.
1.
1.
1.
1.
1.
1.
1.
1.
1.
1.
1.
1.
1.
1.
1.
1.
1.
1.
1.
1.
1.
1.
1.
1.
1.
1.
1.
1.
1.
1.
1.
1.
1.
1.
1.
1.
1.
1.
1.
1.
1.
1.
1.
1.
1.
1.
1.
1.
1.
1.
1.
1.
1.
1.
1.
1.
1.
1.
1.
1.
1.
1.
1.
1.
1.
1.
1.